90000,1103,1,0
90000,1039,2,0
90000,1112,3,0
90000,1101,4,0
90000,1045,5,0
90000,1047,6,0
90000,1099,7,0
90000,1050,8,0
90000,1051,9,0
90000,1114,10,0
90000,1122,11,0
90000,1113,12,0
90000,9000,13,0
90000,2412,14,0
90000,6592,15,0
90000,6777,16,0
90000,5718,17,1
90001,5718,1,0
90001,9000,2,0
90001,1114,3,0
90001,1122,4,0
90001,1113,5,0
90001,1034,6,0
90001,1123,7,0
90001,1078,8,0
90001,1049,9,0
90001,1100,10,0
90001,1046,11,0
90001,1037,12,0
90001,1038,13,0
90001,1040,14,0
90001,1041,15,0
90001,1042,16,1
