100,1113,1,0
100,1034,2,0
100,1123,3,0
100,1032,4,0
100,1067,5,0
100,1089,6,0
100,1070,7,0
100,1087,8,0
100,1066,9,0
100,1025,10,0
100,1026,11,0
100,1104,12,0
100,1061,13,0
100,1000,14,0
100,1001,15,0
100,1128,16,0
100,1041,17,0
100,1042,18,0
100,1103,19,1
101,1042,1,0
101,1103,2,0
101,1020,3,0
101,1021,4,0
101,1125,5,0
101,1006,6,0
101,1056,7,0
101,1035,8,0
101,1082,9,0
101,1074,10,0
101,1081,11,0
101,1071,12,0
101,1073,13,0
101,1077,14,0
101,1130,15,0
101,1124,16,0
101,1052,17,0
101,1114,18,0
101,1122,19,0
101,1113,20,1
300,1113,1,0
300,1034,2,0
300,1123,3,0
300,1072,4,0
300,1071,5,0
300,1073,6,0
300,1077,7,0
300,1130,8,0
300,1124,9,0
300,1108,10,0
300,1086,11,0
300,1083,12,0
300,1109,13,0
300,1005,14,0
300,1030,15,0
300,1054,16,0
300,1129,17,0
300,1014,18,0
300,1015,19,0
300,1016,20,0
300,1041,21,0
300,1042,22,0
300,1103,23,1
301,1103,1,0
301,1127,2,0
301,1057,3,0
301,1058,4,0
301,1107,5,0
301,1059,6,0
301,1104,7,0
301,1060,8,0
301,1062,9,0
301,1181,10,0
301,1065,11,0
301,1067,12,0
301,1089,13,0
301,1070,14,0
301,1087,15,0
301,1031,16,0
301,1114,17,0
301,1122,18,0
301,1113,19,1
90000,1103,1,0
90000,1131,2,0
90000,1035,3,0
90000,1082,4,0
90000,1074,5,0
90000,1081,6,0
90000,1052,7,0
90000,1114,8,0
90000,1122,9,0
90000,1113,10,0
90000,1034,11,0
90000,1123,12,0
90000,9000,13,0
90000,2412,14,0
90000,6592,15,0
90000,6777,16,0
90000,5718,17,1
90001,5718,1,0
90001,9000,2,0
90001,1114,3,0
90001,1122,4,0
90001,1113,5,0
90001,1034,6,0
90001,1123,7,0
90001,1072,8,0
90001,1108,9,0
90001,1086,10,0
90001,1083,11,0
90001,1109,12,0
90001,1111,13,0
90001,1110,14,0
90001,1041,15,0
90001,1042,16,0
90001,1103,17,1
1090100,1029,1,0
1090100,1060,2,0
1090100,1062,3,0
1090100,1181,4,0
1090100,1065,5,0
1090100,1031,6,0
1090100,1122,7,0
1090100,1113,8,0
1090100,7293,9,0
1090100,8074,10,0
1090100,5580,11,1
1090101,5580,1,0
1090101,1029,2,1
1090200,1078,1,0
1090200,1180,2,0
1090200,1049,3,0
1090200,1097,4,0
1090200,1010,5,0
1090200,1041,6,0
1090200,1042,7,0
1090200,1103,8,0
1090200,1131,9,0
1090200,1035,10,0
1090200,1082,11,0
1090200,1074,12,0
1090200,1081,13,0
1090200,1071,14,0
1090200,1077,15,0
1090200,1124,16,0
1090200,1052,17,0
1090200,1113,18,0
1090200,7293,19,0
1090200,8074,20,0
1090200,5580,21,1
1090201,5580,1,0
1090201,1113,2,0
1090201,1034,3,0
1090201,1123,4,0
1090201,1078,5,0
1090201,1049,6,0
1090201,1097,7,0
1090201,1010,8,0
1090201,1041,9,0
1090201,1042,10,0
1090201,1103,11,1
2090100,1029,1,0
2090100,1060,2,0
2090100,1062,3,0
2090100,1181,4,0
2090100,1065,5,0
2090100,1031,6,0
2090100,1122,7,0
2090100,1113,8,0
2090100,7293,9,1
2090101,7293,1,0
2090101,8074,2,0
2090101,5580,3,0
2090101,1029,4,0
2090101,1060,5,0
2090101,1062,6,0
2090101,1181,7,0
2090101,1065,8,0
2090101,1031,9,0
2090101,1122,10,0
2090101,1113,11,1
2090200,1113,1,0
2090200,7293,2,1
2090201,7293,1,0
2090201,8074,2,0
2090201,5580,3,0
2090201,1113,4,0
2090201,1034,5,0
2090201,1123,6,0
2090201,1072,7,0
2090201,1071,8,0
2090201,1077,9,0
2090201,1124,10,0
2090201,1108,11,0
2090201,1086,12,0
2090201,1083,13,0
2090201,1109,14,0
2090201,1111,15,0
2090201,1110,16,0
2090201,1041,17,0
2090201,1042,18,0
2090201,1103,19,1
