100,1113,1,0
100,1034,2,0
100,1123,3,0
100,1032,4,0
100,1067,5,0
100,1089,6,0
100,1070,7,0
100,1087,8,0
100,1066,9,0
100,1025,10,0
100,1026,11,0
100,1104,12,0
100,1061,13,0
100,1000,14,0
100,1001,15,0
100,1128,16,0
100,1041,17,0
100,1042,18,0
100,1103,19,1
101,1103,1,0
101,1020,2,0
101,1021,3,0
101,1125,4,0
101,1006,5,0
101,1056,6,0
101,1035,7,0
101,1082,8,0
101,1074,9,0
101,1081,10,0
101,1071,11,0
101,1073,12,0
101,1077,13,0
101,1130,14,0
101,1124,15,0
101,1052,16,0
101,1114,17,0
101,1122,18,0
101,1113,19,1
300,1113,1,0
300,1034,2,0
300,1123,3,0
300,1072,4,0
300,1071,5,0
300,1073,6,0
300,1077,7,0
300,1130,8,0
300,1124,9,0
300,1108,10,0
300,1086,11,0
300,1083,12,0
300,1109,13,0
300,1005,14,0
300,1030,15,0
300,1054,16,0
300,1129,17,0
300,1014,18,0
300,1015,19,0
300,1016,20,0
300,1041,21,0
300,1042,22,0
300,1103,23,1
301,1103,1,0
301,1127,2,0
301,1057,3,0
301,1058,4,0
301,1107,5,0
301,1059,6,0
301,1104,7,0
301,1060,8,0
301,1062,9,0
301,1181,10,0
301,1065,11,0
301,1067,12,0
301,1089,13,0
301,1070,14,0
301,1087,15,0
301,1031,16,0
301,1114,17,0
301,1122,18,0
301,1113,19,1
90000,1103,1,0
90000,1039,2,0
90000,1101,3,0
90000,1045,4,0
90000,1047,5,0
90000,1099,6,0
90000,1050,7,0
90000,1051,8,0
90000,1114,9,0
90000,1122,10,0
90000,1113,11,0
90000,9000,12,0
90000,6592,13,0
90000,6777,14,0
90000,5718,15,1
90001,5718,1,0
90001,9000,2,0
90001,1114,3,0
90001,1122,4,0
90001,1113,5,0
90001,1034,6,0
90001,1123,7,0
90001,1078,8,0
90001,1049,9,0
90001,1100,10,0
90001,1046,11,0
90001,1037,12,0
90001,1038,13,0
90001,1040,14,0
90001,1041,15,0
90001,1042,16,0
90001,1103,17,1
1090100,1029,1,0
1090100,1060,2,0
1090100,1062,3,0
1090100,1181,4,0
1090100,1065,5,0
1090100,1031,6,0
1090100,1113,7,0
1090100,7293,8,0
1090100,8074,9,0
1090100,5580,10,1
1090101,5580,1,0
1090101,1029,2,1
1090200,1078,1,0
1090200,1049,2,0
1090200,1100,3,0
1090200,1046,4,0
1090200,1037,5,0
1090200,1038,6,0
1090200,1040,7,0
1090200,1041,8,0
1090200,1042,9,0
1090200,1103,10,0
1090200,1131,11,0
1090200,1035,12,0
1090200,1082,13,0
1090200,1074,14,0
1090200,1081,15,0
1090200,1071,16,0
1090200,1077,17,0
1090200,1124,18,0
1090200,1052,19,0
1090200,1113,20,0
1090200,7293,21,0
1090200,8074,22,0
1090200,5580,23,1
1090201,5580,1,0
1090201,1113,2,0
1090201,1034,3,0
1090201,1123,4,0
1090201,1078,5,0
1090201,1049,6,0
1090201,1100,7,0
1090201,1046,8,0
1090201,1037,9,0
1090201,1038,10,0
1090201,1040,11,0
1090201,1041,12,0
1090201,1042,13,1
2090100,1029,1,0
2090100,1060,2,0
2090100,1062,3,0
2090100,1181,4,0
2090100,1065,5,0
2090100,1031,6,0
2090100,1113,7,0
2090100,7293,8,1
2090101,7293,1,0
2090101,8074,2,0
2090101,5580,3,0
2090101,1029,4,0
2090101,1060,5,0
2090101,1062,6,0
2090101,1181,7,0
2090101,1065,8,0
2090101,1031,9,0
2090101,1113,10,1
2090200,1103,1,0
2090200,1039,2,0
2090200,1101,3,0
2090200,1045,4,0
2090200,1047,5,0
2090200,1099,6,0
2090200,1050,7,0
2090200,1051,8,0
2090200,1114,9,0
2090200,1122,10,0
2090200,1113,11,0
2090200,7293,12,1
2090201,7293,1,0
2090201,8074,2,0
2090201,5580,3,0
2090201,1113,4,0
2090201,1034,5,0
2090201,1123,6,0
2090201,1072,7,0
2090201,1071,8,0
2090201,1077,9,0
2090201,1124,10,0
2090201,1108,11,0
2090201,1086,12,0
2090201,1083,13,0
2090201,1109,14,0
2090201,1111,15,0
2090201,1110,16,0
2090201,1041,17,0
2090201,1042,18,0
2090201,1103,19,0
2090201,1039,20,0
2090201,1101,21,0
2090201,1045,22,0
2090201,1047,23,0
2090201,1099,24,0
2090201,1050,25,0
2090201,1051,26,0
2090201,1114,27,0
2090201,1122,28,1
