1,100,'1',1,2,3,4,5,6,7,8,9,10,11
1,101,'1',12,13,14,15,16,17,18,19,20,21,22
3,300,'1',23,24,25,26,27,28
3,301,'1',29,30,31,32,33,34
900,90000,'12',35,36,37,38,39,40,41,42,43,44,45,46
900,90000,'4',47,48,49,50,51,52,53,54,55,56,57,58,59,60,61
900,90000,'5',62,63,64,65,66,67,68,69,70,71,72,73
900,90001,'12',74,75,76,77,78,79,80,81,82,83,84,85,86
900,90001,'4',87,88,89,90,91,92,93,94,95,96,97,98,99,100,101
900,90001,'5',102,103,104,105,106,107,108,109,110,111,112,113
10901,1090100,'1',114
10901,1090101,'1',115
10902,1090200,'13',116,117,118
10902,1090200,'14',119,120,121
10902,1090201,'13',122,123,124
10902,1090201,'14',125,126,127
20901,2090100,'1',128
20901,2090101,'1',129
20902,2090200,'1',130,131,132
20902,2090201,'1',133,134,135
