100,'1',630,,1,1,0,5,0,100,,2,1,0,5,0,100,,3,1,0,5,0,100,,4,1,0,5,0,100,,5,1,0,5,0,100,,6,1,0,5,0,100,,7,1,0,5,0,100,,8,1,0,5,0,100,,9,1,0,5,0,100,,10,1,0,5,0,100,,11,1,0,5,0
101,'1',725,,12,19,4,,0,100,,13,19,4,,0,100,,14,19,4,,0,100,,15,19,4,,0,100,,16,19,4,,0,100,,17,19,4,,0,100,,18,19,4,,0,100,,19,19,4,,0,100,,20,19,4,,0,100,,21,19,4,,0,100,,22,19,4,,0
300,'1',700,,23,1,0,5,0,100,,24,1,0,5,0,100,,25,1,0,5,0,600,,26,1,0,5,0,100,,27,1,0,5,0,100,,28,1,0,5,0
301,'1',757,,29,18,4,,0,100,,30,18,4,,0,100,,31,18,4,,0,600,,32,18,4,,0,100,,33,18,4,,0,100,,34,18,4,,0
90000,'12',830,,35,12,0,5,0,100,,36,12,0,5,0,100,,37,12,0,5,0,100,,38,12,0,5,0,100,,39,12,0,5,0,100,,40,12,0,5,0,100,,41,12,0,5,0,100,,42,12,0,5,0,100,,43,12,0,5,0,100,,44,12,0,5,0,100,,45,12,0,5,0,100,,46,12,0,5,0
90000,'4',730,,47,12,0,5,0,100,,48,12,0,5,0,100,,49,12,0,5,0,100,,50,12,0,5,0,100,,51,12,0,5,0,100,,52,12,0,5,0,100,,53,12,0,5,0,100,,54,12,0,5,0,100,,55,12,0,5,0,100,,56,12,0,5,0,100,,57,12,0,5,0,100,,58,12,0,5,0,100,,59,12,0,5,0,100,,60,12,0,5,0,100,,61,12,0,5,0
90000,'5',830,,62,12,0,5,0,100,,63,12,0,5,0,100,,64,12,0,5,0,100,,65,12,0,5,0,100,,66,12,0,5,0,100,,67,12,0,5,0,100,,68,12,0,5,0,100,,69,12,0,5,0,100,,70,12,0,5,0,100,,71,12,0,5,0,100,,72,12,0,5,0,100,,73,12,0,5,0
90001,'12',850,,74,5,0,6,0,100,,75,5,0,6,0,100,,76,5,0,6,0,100,,77,5,0,6,0,100,,78,5,0,6,0,100,,79,5,0,6,0,100,,80,5,0,6,0,100,,81,5,0,6,0,100,,82,5,0,6,0,100,,83,5,0,6,0,100,,84,5,0,6,0,100,,85,5,0,6,0,100,,86,5,4,,0
90001,'4',850,,87,5,0,6,0,100,,88,5,0,6,0,100,,89,5,0,6,0,100,,90,5,0,6,0,100,,91,5,0,6,0,100,,92,5,0,6,0,100,,93,5,0,6,0,100,,94,5,0,6,0,100,,95,5,0,6,0,100,,96,5,0,6,0,100,,97,5,0,6,0,100,,98,5,0,6,0,100,,99,5,0,6,0,100,,100,5,0,6,0,100,,101,5,0,6,0
90001,'5',950,,102,5,0,6,0,100,,103,5,0,6,0,100,,104,5,0,6,0,100,,105,5,0,6,0,100,,106,5,0,6,0,100,,107,5,0,6,0,100,,108,5,0,6,0,100,,109,5,0,6,0,100,,110,5,0,6,0,100,,111,5,0,6,0,100,,112,5,0,6,0,100,,113,5,0,6,0
1090100,'1',610,,114,7,0,5,0
1090200,'13',645,,117,21,0,5,0,65,,118,21,0,5,0,47,,116,21,0,5,0
1090200,'14',645,,120,21,0,5,0,65,,121,21,0,5,0,47,,119,21,0,5,0
1090201,'13',758,,123,3,4,,0,67,,124,3,4,,0,90,,122,3,4,,0
1090201,'14',758,,125,3,0,6,0,67,,126,3,0,6,0,90,,127,3,0,6,0
2090100,'1',1500,,128,7,0,5,0
2090101,'1',1615,,129,10,4,,0
2090200,'1',1540,,130,1,0,5,0,65,,132,1,0,5,0,30,,131,1,0,5,0
2090201,'1',1708,,133,3,0,6,0,27,,135,3,0,6,0,75,,134,3,0,6,0
