100,'1',657,,1,19,4,,0,100,,2,19,4,,0,100,,3,19,4,,0,100,,4,19,4,,0,100,,5,19,4,,0,100,,6,19,4,,0,100,,7,19,4,,0,100,,8,19,4,,0,100,,9,19,4,,0,100,,10,19,4,,0,100,,11,19,4,,0
101,'1',657,,12,1,0,6,0,100,,13,1,0,6,0,100,,14,1,0,6,0,100,,15,1,0,6,0,100,,16,1,0,6,0,100,,17,1,0,6,0,100,,18,1,0,6,0,100,,19,1,0,6,0,100,,20,1,0,6,0,100,,21,1,0,6,0,100,,22,1,0,6,0
300,'1',731,,23,23,4,,0,100,,24,23,4,,0,100,,25,23,4,,0,600,,26,23,4,,0,100,,27,23,4,,0,100,,28,23,4,,0
301,'1',731,,29,1,0,6,0,100,,30,1,0,6,0,100,,31,1,0,6,0,600,,32,1,0,6,0,100,,33,1,0,6,0,100,,34,1,0,6,0
90000,'12',815,,35,1,0,5,0,100,,36,1,0,5,0,100,,37,1,0,5,0,100,,38,1,0,5,0,100,,39,1,0,5,0,100,,40,1,0,5,0,100,,41,1,0,5,0,100,,42,1,0,5,0,100,,43,1,0,5,0,100,,44,1,0,5,0,100,,45,1,0,5,0,100,,46,1,0,5,0
90000,'4',715,,47,1,0,5,0,100,,48,1,0,5,0,100,,49,1,0,5,0,100,,50,1,0,5,0,100,,51,1,0,5,0,100,,52,1,0,5,0,100,,53,1,0,5,0,100,,54,1,0,5,0,100,,55,1,0,5,0,100,,56,1,0,5,0,100,,57,1,0,5,0,100,,58,1,0,5,0,100,,59,1,0,5,0,100,,60,1,0,5,0,100,,61,1,0,5,0
90000,'5',815,,62,1,0,5,0,100,,63,1,0,5,0,100,,64,1,0,5,0,100,,65,1,0,5,0,100,,66,1,0,5,0,100,,67,1,0,5,0,100,,68,1,0,5,0,100,,69,1,0,5,0,100,,70,1,0,5,0,100,,71,1,0,5,0,100,,72,1,0,5,0,100,,73,1,0,5,0
1090200,'13',621,,117,10,0,5,0,30,,118,10,0,5,0,82,,116,10,0,5,0
1090200,'14',621,,120,10,0,5,0,30,,121,10,0,5,0,82,,119,10,0,5,0
1090201,'14',819,,125,15,4,,0,28,,126,15,4,,0,90,,127,15,4,,0
2090201,'1',1734,,133,19,0,6,0,70,,135,19,0,6,0,35,,134,19,0,6,0
