100,1055,1,0
100,1006,2,0
100,1056,3,0
100,1035,4,0
100,1084,5,0
100,1085,6,0
100,1007,7,0
100,1008,8,0
100,1037,9,0
100,1036,10,0
100,1009,11,0
100,1010,12,0
100,1041,13,0
100,1042,14,0
100,1103,15,0
100,1057,16,0
100,1058,17,0
100,1107,18,0
100,1059,19,0
100,1104,20,1
101,1104,1,0
101,1061,2,0
101,1000,3,0
101,1001,4,0
101,1041,5,0
101,1042,6,0
101,1103,7,0
101,1002,8,0
101,1043,9,0
101,1044,10,0
101,1101,11,0
101,1003,12,0
101,1004,13,0
101,1005,14,0
101,1030,15,0
101,1054,16,0
101,1055,17,1
200,1011,1,0
200,1013,2,0
200,1014,3,0
200,1015,4,0
200,1016,5,0
200,1041,6,0
200,1042,7,0
200,1103,8,0
200,1039,9,0
200,1101,10,0
200,1045,11,0
200,1047,12,0
200,1099,13,0
200,1097,14,0
200,1095,15,0
200,1093,16,0
200,1090,17,0
200,1051,18,0
200,1114,19,0
200,1122,20,0
200,1113,21,1
201,1113,1,0
201,1034,2,0
201,1123,3,0
201,1078,4,0
201,1091,5,0
201,1092,6,0
201,1094,7,0
201,1096,8,0
201,1098,9,0
201,1100,10,0
201,1046,11,0
201,1037,12,0
201,1038,13,0
201,1102,14,0
201,1041,15,0
201,1042,16,0
201,1103,17,0
201,1017,18,0
201,1018,19,0
201,1020,20,0
201,1021,21,0
201,1019,22,0
201,1011,23,1
300,1104,1,0
300,1027,2,0
300,1063,3,0
300,1064,4,0
300,1028,5,0
300,1065,6,0
300,1067,7,0
300,1089,8,0
300,1070,9,0
300,1087,10,0
300,1031,11,0
300,1114,12,0
300,1122,13,0
300,1113,14,0
300,1034,15,0
300,1123,16,0
300,1053,17,0
300,1080,18,0
300,1086,19,0
300,1083,20,0
300,1084,21,0
300,1085,22,1
301,1085,1,0
301,1082,2,0
301,1074,3,0
301,1081,4,0
301,1071,5,0
301,1105,6,0
301,1073,7,0
301,1077,8,0
301,1023,9,0
301,1024,10,0
301,1052,11,0
301,1114,12,0
301,1122,13,0
301,1113,14,0
301,1034,15,0
301,1123,16,0
301,1032,17,0
301,1067,18,0
301,1089,19,0
301,1070,20,0
301,1087,21,0
301,1066,22,0
301,1025,23,0
301,1026,24,0
301,1104,25,1
90000,1033,1,0
90000,1113,2,0
90000,9000,3,0
90000,9642,4,1
90001,9642,1,0
90001,9000,2,0
90001,1033,3,1
1090100,1029,1,0
1090100,1060,2,0
1090100,1062,3,0
1090100,1065,4,0
1090100,1031,5,0
1090100,1113,6,0
1090100,7293,7,0
1090100,8074,8,1
1090101,5580,1,0
1090101,9642,2,0
1090101,9000,3,0
1090101,1029,4,0
1090101,1000,5,1
1090200,1078,1,0
1090200,1079,2,0
1090200,1049,3,0
1090200,1100,4,0
1090200,1046,5,0
1090200,1037,6,0
1090200,1038,7,0
1090200,1040,8,0
1090200,1041,9,0
1090200,1042,10,0
1090200,1103,11,0
1090200,1075,12,0
1090200,1076,13,0
1090200,1035,14,0
1090200,1082,15,0
1090200,1074,16,0
1090200,1081,17,0
1090200,1071,18,0
1090200,1077,19,0
1090200,1052,20,0
1090200,1113,21,0
1090200,7293,22,0
1090200,8074,23,0
1090200,5580,24,1
1090201,5580,1,0
1090201,3911,2,0
1090201,7442,3,0
1090201,4552,4,0
1090201,4530,5,0
1090201,4459,6,0
1090201,4456,7,0
1090201,9000,8,0
1090201,1114,9,0
1090201,1122,10,0
1090201,1113,11,0
1090201,1034,12,0
1090201,1123,13,0
1090201,1078,14,0
1090201,1079,15,0
1090201,1049,16,0
1090201,1100,17,0
1090201,1046,18,0
1090201,1037,19,1
2090100,1107,1,0
2090100,1059,2,0
2090100,1060,3,0
2090100,1062,4,0
2090100,1065,5,0
2090100,1031,6,0
2090100,4592,7,0
2090100,4589,8,0
2090100,8793,9,0
2090100,8418,10,0
2090100,7441,11,0
2090100,8074,12,1
2090101,5580,1,0
2090101,1029,2,0
2090101,1060,3,0
2090101,1062,4,0
2090101,1065,5,0
2090101,1031,6,0
2090101,1113,7,0
2090101,1072,8,0
2090101,1108,9,0
2090101,1086,10,0
2090101,1083,11,0
2090101,1109,12,0
2090101,1111,13,0
2090101,1110,14,1
2090200,1039,1,0
2090200,1047,2,0
2090200,1099,3,0
2090200,1050,4,0
2090200,1051,5,0
2090200,1114,6,0
2090200,1122,7,0
2090200,1113,8,0
2090200,4592,9,0
2090200,4589,10,0
2090200,8793,11,0
2090200,8418,12,0
2090200,7441,13,0
2090200,8074,14,1
2090201,5580,1,0
2090201,1113,2,0
2090201,1072,3,0
2090201,1071,4,0
2090201,1077,5,0
2090201,1108,6,0
2090201,1086,7,0
2090201,1083,8,0
2090201,1109,9,0
2090201,1111,10,0
2090201,1110,11,0
2090201,1041,12,0
2090201,1042,13,0
2090201,1039,14,0
2090201,1112,15,0
2090201,1101,16,0
2090201,1047,17,0
2090201,1099,18,0
2090201,1050,19,0
2090201,1051,20,1
